23 0.055746 0.486686 0.108062 0.050296
33 0.060892 0.538462 0.118353 0.053254
20 0.065180 0.607988 0.126930 0.085799
21 0.108062 0.059911 0.078902 0.066568
20 0.183533 0.061391 0.072041 0.075444
9 0.248714 0.062870 0.068611 0.072485
1 0.557461 0.031065 0.102916 0.035503
1 0.570326 0.065089 0.108062 0.032544
1 0.602058 0.105769 0.085763 0.042899
5 0.599485 0.147189 0.111492 0.034024
4 0.618353 0.188609 0.111492 0.034024
6 0.645798 0.242604 0.084048 0.076923
29 0.741852 0.730030 0.138937 0.054734
24 0.765009 0.790680 0.144082 0.060651
18 0.785592 0.855769 0.144082 0.063609
13 0.802744 0.923077 0.150943 0.079882
