8 0.058181 0.631579 0.054302 0.736842
9 0.114245 0.625731 0.055007 0.748538
16 0.169605 0.625731 0.054302 0.748538
17 0.225670 0.634503 0.055007 0.730994
23 0.281382 0.631579 0.055007 0.736842
25 0.336742 0.637427 0.055712 0.725146
25 0.392807 0.631579 0.056417 0.736842
28 0.449224 0.628655 0.057828 0.742690
29 0.505289 0.637427 0.054302 0.725146
34 0.559944 0.634503 0.053597 0.730994
35 0.849083 0.622807 0.053597 0.473684
35 0.893159 0.611111 0.048660 0.497076
35 0.943230 0.669591 0.061354 0.380117
