1 0.082428 0.713303 0.074275 0.573394
4 0.153986 0.729358 0.072464 0.541284
4 0.226902 0.711009 0.069746 0.577982
7 0.298460 0.711009 0.071558 0.577982
9 0.371830 0.704128 0.075181 0.591743
15 0.444293 0.713303 0.075181 0.573394
17 0.514946 0.713303 0.069746 0.573394
18 0.585598 0.711009 0.071558 0.577982
19 0.659873 0.711009 0.069746 0.577982
19 0.731431 0.713303 0.075181 0.573394
20 0.800272 0.527523 0.067935 0.577982
21 0.872736 0.713303 0.073370 0.573394
27 0.944746 0.706422 0.072464 0.587156
