17 0.596257 0.120536 0.064171 0.116071
7 0.838904 0.074777 0.078877 0.060268
6 0.849599 0.131696 0.084225 0.053571
5 0.868316 0.213170 0.070856 0.118304
18 0.339572 0.294643 0.058824 0.075893
33 0.046123 0.383929 0.060160 0.080357
6 0.106283 0.378348 0.057487 0.082589
13 0.165775 0.385045 0.058824 0.087054
35 0.223262 0.382812 0.056150 0.091518
1 0.283422 0.381696 0.056150 0.080357
4 0.343583 0.382812 0.061497 0.087054
2 0.044786 0.487723 0.060160 0.122768
20 0.104947 0.483259 0.057487 0.118304
34 0.163102 0.484375 0.056150 0.125000
31 0.224599 0.493304 0.058824 0.120536
19 0.287433 0.485491 0.066845 0.122768
31 0.346257 0.487723 0.056150 0.118304
16 0.434492 0.556920 0.082888 0.064732
33 0.517380 0.552455 0.080214 0.060268
31 0.437166 0.628348 0.093583 0.069196
11 0.525401 0.623884 0.085561 0.073661
30 0.442513 0.699777 0.088235 0.073661
32 0.529412 0.696429 0.093583 0.071429
17 0.446524 0.768973 0.088235 0.073661
35 0.534759 0.768973 0.085561 0.064732
4 0.452540 0.847098 0.092246 0.073661
26 0.540775 0.842634 0.089572 0.082589
20 0.454545 0.938616 0.090909 0.104911
21 0.544786 0.941964 0.089572 0.102679
