2 0.101386 0.780612 0.072790 0.438776
2 0.170277 0.785714 0.066724 0.428571
4 0.240035 0.782313 0.069324 0.435374
7 0.306759 0.782313 0.071057 0.435374
12 0.377383 0.780612 0.068458 0.438776
17 0.445407 0.773810 0.072790 0.452381
18 0.514298 0.782313 0.070191 0.435374
19 0.583622 0.780612 0.068458 0.438776
21 0.651646 0.785714 0.071057 0.428571
21 0.719671 0.636054 0.066724 0.428571
23 0.788995 0.785714 0.068458 0.428571
24 0.857886 0.785714 0.069324 0.428571
31 0.925910 0.777211 0.068458 0.445578
