1 0.107211 0.126039 0.056926 0.060942
9 0.157970 0.430748 0.054080 0.088643
22 0.472011 0.361496 0.065465 0.074792
33 0.655123 0.694598 0.057875 0.106648
18 0.036528 0.911357 0.071157 0.177285
19 0.112429 0.912742 0.073055 0.174515
19 0.187856 0.910665 0.075901 0.178670
21 0.264231 0.911357 0.074953 0.177285
22 0.337761 0.913435 0.075901 0.173130
23 0.412713 0.915512 0.074004 0.168975
25 0.487666 0.914127 0.072106 0.171745
30 0.564516 0.913435 0.077799 0.173130
34 0.639943 0.914127 0.074953 0.171745
