22 0.055556 0.043124 0.070461 0.076923
32 0.389566 0.679487 0.117886 0.079254
1 0.829268 0.254079 0.086721 0.039627
33 0.824526 0.288462 0.085366 0.036131
35 0.823171 0.324592 0.082656 0.033800
1 0.823171 0.375874 0.090786 0.057110
9 0.900407 0.521562 0.074526 0.082751
22 0.964770 0.520979 0.054201 0.079254
1 0.298103 0.923077 0.100271 0.153846
1 0.406504 0.924825 0.108401 0.150350
14 0.515583 0.926573 0.107046 0.146853
14 0.619919 0.925408 0.107046 0.149184
14 0.728320 0.924825 0.107046 0.150350
18 0.836721 0.927156 0.107046 0.145688
18 0.945122 0.925408 0.109756 0.149184
