27 0.323841 0.248691 0.094040 0.044503
26 0.327152 0.293848 0.084768 0.043194
9 0.332450 0.338351 0.092715 0.048429
21 0.339735 0.392670 0.099338 0.068063
33 0.039735 0.462696 0.068874 0.082461
29 0.107285 0.461387 0.066225 0.087696
32 0.592715 0.714660 0.086093 0.102094
19 0.053642 0.917539 0.101987 0.164921
19 0.156291 0.917539 0.103311 0.164921
20 0.261589 0.916885 0.104636 0.166230
21 0.362252 0.917539 0.101987 0.164921
22 0.469536 0.918848 0.104636 0.162304
24 0.574172 0.917539 0.101987 0.164921
