22 0.024430 0.079741 0.040717 0.155172
30 0.390472 0.466595 0.051303 0.066810
31 0.385586 0.536638 0.054560 0.068966
12 0.381922 0.600216 0.050489 0.066810
13 0.377036 0.686422 0.052117 0.109914
27 0.443404 0.475216 0.046417 0.088362
22 0.436889 0.549569 0.051303 0.068966
34 0.433225 0.622845 0.052117 0.073276
19 0.431189 0.693966 0.054560 0.077586
25 0.425081 0.771552 0.053746 0.081897
21 0.422638 0.859914 0.055375 0.112069
1 0.492671 0.471983 0.047231 0.068966
33 0.489821 0.538793 0.052932 0.064655
35 0.488599 0.605603 0.053746 0.073276
1 0.483713 0.686422 0.052117 0.075431
12 0.480049 0.751078 0.052932 0.066810
21 0.478827 0.841595 0.057003 0.105603
9 0.533795 0.942888 0.044788 0.114224
22 0.575326 0.946121 0.043160 0.107759
33 0.617264 0.945043 0.040717 0.109914
29 0.659202 0.946121 0.039902 0.107759
23 0.786238 0.473060 0.051303 0.066810
20 0.788681 0.535560 0.051303 0.062500
27 0.793567 0.607759 0.052932 0.073276
26 0.795603 0.676724 0.053746 0.073276
9 0.796417 0.751078 0.057003 0.075431
21 0.801710 0.846983 0.056189 0.103448
28 0.838355 0.470905 0.049674 0.066810
9 0.840391 0.536638 0.052117 0.073276
26 0.844870 0.607759 0.051303 0.060345
30 0.848127 0.673491 0.051303 0.075431
29 0.852199 0.748922 0.054560 0.075431
33 0.854642 0.845905 0.054560 0.109914
30 0.900651 0.659483 0.053746 0.077586
18 0.904723 0.739224 0.045603 0.090517
34 0.911238 0.846983 0.055375 0.107759
32 0.960098 0.341595 0.048860 0.096983
