26 0.040737 0.109570 0.065848 0.044383
22 0.036830 0.165742 0.069196 0.070735
35 0.095982 0.429265 0.058036 0.095700
29 0.158482 0.428571 0.058036 0.099861
36 0.222098 0.424411 0.078125 0.080444
23 0.461496 0.357143 0.072545 0.065187
9 0.458705 0.295423 0.075893 0.049931
16 0.043527 0.909847 0.082589 0.180305
18 0.131138 0.909847 0.090402 0.180305
20 0.219308 0.911234 0.085938 0.177531
25 0.309152 0.911928 0.089286 0.176144
25 0.397321 0.913315 0.093750 0.173370
26 0.486607 0.913315 0.089286 0.173370
27 0.575893 0.912621 0.087054 0.174757
28 0.663504 0.913315 0.088170 0.173370
