27 0.063043 0.069984 0.071014 0.108865
36 0.131159 0.070762 0.068116 0.107309
9 0.802899 0.354588 0.081159 0.055988
26 0.892754 0.354588 0.084058 0.046656
30 0.797101 0.401244 0.089855 0.049767
22 0.889855 0.402799 0.086957 0.049767
13 0.791304 0.463453 0.095652 0.071540
12 0.886957 0.452566 0.092754 0.052877
15 0.878261 0.504666 0.086957 0.057543
18 0.874638 0.559876 0.094203 0.052877
18 0.868116 0.623639 0.101449 0.077760
33 0.434783 0.849145 0.118841 0.065319
33 0.417391 0.925350 0.110145 0.087092
35 0.962319 0.698289 0.069565 0.074650
23 0.961594 0.790824 0.076812 0.104199
