33 0.117729 0.119355 0.062327 0.225806
1 0.068560 0.783871 0.058172 0.432258
1 0.122576 0.787097 0.055402 0.425806
1 0.177285 0.787097 0.056787 0.425806
14 0.234072 0.783871 0.054017 0.432258
14 0.286704 0.783871 0.056787 0.432258
16 0.343490 0.787097 0.056787 0.425806
18 0.396814 0.783871 0.055402 0.406452
26 0.451524 0.787097 0.056787 0.425806
27 0.506925 0.787097 0.056787 0.425806
28 0.561634 0.803226 0.047091 0.393548
33 0.738227 0.274194 0.048476 0.264516
25 0.860111 0.770968 0.048476 0.290323
20 0.900970 0.780645 0.052632 0.270968
