24 0.053432 0.049654 0.039096 0.080831
32 0.165074 0.562933 0.071242 0.051963
32 0.152911 0.612587 0.066030 0.054273
32 0.132493 0.665704 0.056473 0.058891
19 0.130756 0.721132 0.072111 0.049654
19 0.113814 0.777714 0.074718 0.058891
19 0.090356 0.851617 0.066030 0.086605
33 0.284535 0.580831 0.070374 0.046189
33 0.274978 0.631062 0.070374 0.051963
33 0.264553 0.689376 0.072111 0.069284
1 0.498262 0.256928 0.056473 0.026559
31 0.493050 0.307737 0.058210 0.054273
31 0.546481 0.299076 0.053866 0.039261
28 0.550825 0.262125 0.052129 0.036952
34 0.544744 0.333141 0.053866 0.038106
26 0.542137 0.372402 0.057341 0.042725
25 0.539096 0.412240 0.058210 0.036952
22 0.535187 0.463626 0.059079 0.058891
36 0.591659 0.518476 0.038228 0.062356
1 0.589487 0.584296 0.047785 0.078522
34 0.638575 0.527714 0.045178 0.076212
1 0.681581 0.525404 0.044309 0.080831
9 0.727628 0.525404 0.042572 0.078522
30 0.769765 0.527136 0.039965 0.075058
11 0.823197 0.527136 0.058210 0.056582
11 0.867941 0.301386 0.053866 0.039261
12 0.863162 0.265012 0.051260 0.033487
14 0.870982 0.335450 0.056473 0.038106
13 0.873154 0.375289 0.057341 0.034642
9 0.876629 0.415704 0.059079 0.036952
9 0.877063 0.462471 0.052997 0.058891
12 0.206777 0.926674 0.066030 0.146651
13 0.274978 0.925520 0.066898 0.148961
14 0.344049 0.926674 0.069505 0.146651
14 0.413988 0.926097 0.072111 0.147806
15 0.483058 0.926097 0.071242 0.147806
16 0.553432 0.925520 0.069505 0.148961
23 0.620765 0.926097 0.070374 0.147806
24 0.688966 0.925520 0.069505 0.148961
27 0.757602 0.926674 0.071242 0.146651
28 0.827976 0.927252 0.071242 0.145497
29 0.896177 0.927829 0.068636 0.144342
31 0.965682 0.927252 0.068636 0.145497
