1 0.111617 0.895833 0.053884 0.208333
1 0.167950 0.894022 0.054584 0.211957
6 0.222183 0.888587 0.055283 0.222826
6 0.278167 0.890399 0.055283 0.219203
13 0.333800 0.894022 0.054584 0.211957
16 0.389783 0.893116 0.054584 0.213768
16 0.444717 0.894928 0.053884 0.210145
21 0.501400 0.894928 0.055283 0.210145
23 0.555283 0.893116 0.055283 0.213768
25 0.611617 0.893116 0.054584 0.213768
28 0.667250 0.894022 0.053884 0.211957
30 0.721833 0.894022 0.053884 0.211957
30 0.777467 0.893116 0.054584 0.213768
