1 0.156211 0.925615 0.050188 0.148770
9 0.205458 0.925615 0.049561 0.148770
9 0.254705 0.922260 0.051443 0.142058
11 0.306462 0.922260 0.049561 0.146532
11 0.356023 0.923378 0.049561 0.146532
17 0.404642 0.924497 0.048934 0.146532
19 0.454831 0.922260 0.051443 0.146532
21 0.504705 0.926734 0.048306 0.146532
21 0.553952 0.923937 0.052698 0.143177
22 0.604141 0.925056 0.048934 0.143177
22 0.654329 0.923378 0.047679 0.139821
29 0.703890 0.926734 0.048934 0.146532
36 0.753137 0.925056 0.048306 0.143177
