1 0.225088 0.300836 0.056272 0.080780
31 0.276671 0.301532 0.051583 0.079387
34 0.330012 0.301532 0.052755 0.082173
33 0.415006 0.476323 0.077374 0.044568
33 0.419695 0.527159 0.079719 0.048747
32 0.421454 0.583565 0.083236 0.072423
32 0.038687 0.662256 0.058617 0.093315
31 0.099062 0.660864 0.059789 0.090529
36 0.160023 0.660864 0.057444 0.090529
21 0.218054 0.660864 0.056272 0.090529
4 0.280774 0.659471 0.059789 0.096100
23 0.408558 0.073816 0.050410 0.069638
22 0.455451 0.072423 0.045721 0.066852
11 0.501758 0.073120 0.049238 0.071031
7 0.546307 0.071727 0.051583 0.071031
