35 0.060000 0.046537 0.057143 0.062771
31 0.119048 0.047619 0.057143 0.064935
29 0.058571 0.115801 0.056190 0.062771
9 0.118571 0.116883 0.058095 0.073593
19 0.051905 0.181818 0.060000 0.073593
33 0.115238 0.180736 0.057143 0.067100
25 0.047143 0.250000 0.063810 0.071429
21 0.110476 0.251082 0.059048 0.069264
26 0.044286 0.344156 0.063810 0.099567
29 0.108095 0.327922 0.061905 0.080087
3 0.100952 0.426407 0.064762 0.112554
32 0.166667 0.531385 0.049524 0.110390
31 0.215238 0.529221 0.047619 0.119048
36 0.265238 0.534632 0.048571 0.108225
21 0.314762 0.532468 0.046667 0.116883
4 0.363810 0.524892 0.049524 0.101732
3 0.412381 0.527056 0.049524 0.110390
16 0.164286 0.652597 0.048571 0.140693
21 0.213810 0.654762 0.050476 0.149351
31 0.266667 0.655844 0.049524 0.147186
14 0.315714 0.658009 0.050476 0.151515
35 0.367619 0.655844 0.051429 0.147186
3 0.419048 0.653680 0.051429 0.151515
25 0.465238 0.051948 0.060000 0.073593
19 0.469048 0.120130 0.060000 0.071429
16 0.471429 0.190476 0.059048 0.064935
33 0.474286 0.261905 0.062857 0.073593
33 0.476667 0.335498 0.061905 0.073593
32 0.479048 0.426407 0.066667 0.116883
32 0.537143 0.309524 0.062857 0.077922
4 0.544286 0.415584 0.058095 0.138528
6 0.535714 0.240260 0.061905 0.073593
27 0.866667 0.701299 0.080000 0.082251
17 0.875714 0.790043 0.084762 0.095238
16 0.890952 0.900433 0.080952 0.125541
