4 0.045011 0.866981 0.058515 0.266038
9 0.105776 0.868868 0.058515 0.262264
11 0.166167 0.870755 0.065266 0.258491
13 0.226557 0.870755 0.058515 0.243396
10 0.282821 0.870755 0.057014 0.258491
15 0.343586 0.866981 0.058515 0.250943
17 0.405101 0.868868 0.060015 0.262264
19 0.465116 0.861321 0.060015 0.254717
21 0.523631 0.868868 0.057014 0.262264
23 0.583271 0.874528 0.062266 0.250943
24 0.642911 0.872642 0.063016 0.254717
26 0.704051 0.874528 0.059265 0.250943
26 0.762191 0.872642 0.063016 0.254717
36 0.923481 0.271698 0.063016 0.079245
12 0.929857 0.351887 0.066767 0.066038
7 0.936609 0.423585 0.069767 0.084906
3 0.945611 0.522642 0.059265 0.101887
