15 0.054018 0.299465 0.060606 0.374332
22 0.114625 0.312834 0.063241 0.358289
19 0.453887 0.181818 0.054018 0.267380
19 0.515810 0.163102 0.059289 0.208556
19 0.576416 0.184492 0.054018 0.251337
12 0.630435 0.187166 0.051383 0.267380
11 0.682477 0.195187 0.055336 0.240642
13 0.742424 0.171123 0.075099 0.235294
29 0.814229 0.168449 0.065876 0.208556
29 0.872859 0.189840 0.054018 0.240642
29 0.926219 0.179144 0.050066 0.262032
1 0.433465 0.481283 0.079051 0.160428
7 0.421607 0.617647 0.071146 0.133690
25 0.414361 0.764706 0.080369 0.192513
30 0.404480 0.903743 0.081686 0.149733
16 0.909750 0.890374 0.061924 0.219251
17 0.967062 0.895722 0.057971 0.208556
