28 0.053456 0.184457 0.070194 0.058052
2 0.052916 0.237828 0.071274 0.063670
35 0.050216 0.311798 0.070194 0.084270
30 0.279158 0.129213 0.046436 0.101124
35 0.328834 0.125468 0.050756 0.104869
2 0.377970 0.127341 0.047516 0.108614
31 0.457883 0.365169 0.066955 0.059925
32 0.458963 0.434457 0.073434 0.067416
33 0.463823 0.510300 0.074514 0.099251
13 0.110151 0.611423 0.056156 0.121723
28 0.165227 0.607678 0.053996 0.117978
11 0.220842 0.606742 0.055076 0.119850
35 0.890389 0.672285 0.089633 0.074906
29 0.905508 0.747191 0.091793 0.074906
29 0.914687 0.825843 0.095032 0.078652
9 0.929806 0.920412 0.092873 0.114232
