27 0.166898 0.310784 0.081717 0.060784
14 0.258310 0.313725 0.084488 0.062745
31 0.163435 0.373529 0.083102 0.068627
31 0.157202 0.434314 0.092798 0.064706
23 0.149584 0.499020 0.094183 0.068627
23 0.144737 0.582353 0.095568 0.101961
16 0.250693 0.375490 0.088643 0.064706
18 0.246537 0.438235 0.088643 0.068627
34 0.238227 0.500980 0.091413 0.068627
21 0.234765 0.567647 0.090028 0.068627
30 0.230609 0.650980 0.090028 0.101961
31 0.355956 0.256863 0.060942 0.109804
22 0.418283 0.253922 0.063712 0.111765
30 0.478532 0.250000 0.062327 0.103922
33 0.543629 0.253922 0.062327 0.111765
18 0.481302 0.169608 0.062327 0.084314
12 0.542936 0.164706 0.063712 0.074510
7 0.601108 0.163725 0.060942 0.080392
36 0.604571 0.253922 0.065097 0.103922
2 0.664127 0.163725 0.062327 0.080392
34 0.666898 0.255882 0.065097 0.100000
32 0.324100 0.746078 0.074792 0.111765
32 0.396122 0.747059 0.069252 0.113725
34 0.470222 0.743137 0.070637 0.105882
9 0.540859 0.748039 0.067867 0.103922
2 0.612188 0.750000 0.074792 0.100000
3 0.684903 0.762745 0.073407 0.125490
31 0.322022 0.865686 0.076177 0.135294
36 0.391967 0.860784 0.074792 0.125490
16 0.468837 0.858824 0.076177 0.129412
32 0.538089 0.865686 0.073407 0.135294
33 0.611496 0.863725 0.073407 0.131373
35 0.753463 0.315686 0.085873 0.054902
9 0.761080 0.372549 0.084488 0.066667
3 0.765928 0.438235 0.091413 0.060784
35 0.770776 0.500980 0.092798 0.068627
19 0.774931 0.570588 0.098338 0.070588
33 0.781163 0.655882 0.099723 0.100000
30 0.845568 0.377451 0.081717 0.056863
28 0.853878 0.434314 0.087258 0.056863
29 0.860111 0.499020 0.094183 0.072549
1 0.865651 0.568627 0.091413 0.066667
11 0.876039 0.653922 0.095568 0.103922
