33 0.058442 0.081950 0.064935 0.105809
9 0.352597 0.337137 0.058442 0.109959
26 0.410390 0.332988 0.054545 0.109959
30 0.469481 0.334025 0.053247 0.107884
28 0.529870 0.339212 0.057143 0.118257
1 0.588312 0.337137 0.057143 0.118257
29 0.646753 0.334025 0.059740 0.124481
30 0.259740 0.396266 0.080519 0.070539
19 0.253247 0.462656 0.085714 0.070539
35 0.249351 0.528008 0.088312 0.068465
32 0.245455 0.597510 0.090909 0.070539
16 0.237662 0.683610 0.085714 0.109959
29 0.324675 0.875519 0.072727 0.136929
1 0.392857 0.874481 0.066234 0.134855
19 0.462338 0.872407 0.070130 0.139004
12 0.529221 0.868257 0.066234 0.134855
32 0.598701 0.874481 0.064935 0.143154
