23 0.052705 0.086072 0.043843 0.106416
33 0.440765 0.137715 0.045709 0.081377
33 0.282183 0.948357 0.073694 0.090767
32 0.586287 0.377152 0.058769 0.056338
34 0.580224 0.422535 0.059701 0.043818
36 0.578825 0.489828 0.062500 0.081377
13 0.777052 0.329421 0.044776 0.095462
11 0.818563 0.323944 0.040112 0.081377
29 0.861940 0.323944 0.044776 0.090767
1 0.632463 0.731612 0.046642 0.107981
27 0.680037 0.731612 0.050373 0.101721
34 0.727146 0.731612 0.047575 0.107981
35 0.775653 0.728482 0.047575 0.104851
