14 0.033847 0.086000 0.040274 0.132000
27 0.469152 0.453000 0.050557 0.058000
29 0.525278 0.458000 0.049700 0.064000
16 0.467866 0.526000 0.039417 0.084000
32 0.461440 0.619000 0.053985 0.098000
28 0.519280 0.516000 0.054841 0.068000
26 0.520566 0.579000 0.052271 0.070000
32 0.514567 0.645000 0.055698 0.066000
31 0.510711 0.716000 0.056555 0.068000
11 0.509426 0.801000 0.057412 0.102000
1 0.585261 0.398000 0.039417 0.108000
13 0.624250 0.394000 0.036847 0.108000
10 0.661954 0.395000 0.035133 0.114000
18 0.700086 0.396000 0.037704 0.112000
22 0.739931 0.394000 0.038560 0.108000
27 0.737361 0.305000 0.035133 0.082000
22 0.775921 0.304000 0.036847 0.076000
25 0.778920 0.394000 0.039417 0.108000
32 0.566410 0.899000 0.044559 0.106000
21 0.610540 0.898000 0.043702 0.104000
1 0.654670 0.906000 0.046272 0.112000
35 0.700086 0.912000 0.044559 0.132000
31 0.742074 0.917000 0.044559 0.130000
13 0.787918 0.912000 0.043702 0.132000
