24 0.055746 0.490385 0.108062 0.051775
34 0.064322 0.540680 0.111492 0.048817
21 0.067753 0.607249 0.111492 0.072485
22 0.112350 0.060651 0.070326 0.068047
21 0.180103 0.057692 0.072041 0.071006
19 0.249571 0.056953 0.066895 0.072485
1 0.560034 0.031065 0.097770 0.029586
1 0.570326 0.064349 0.104631 0.034024
1 0.596913 0.107249 0.078902 0.042899
5 0.602058 0.151627 0.099485 0.036982
4 0.613208 0.188609 0.111492 0.039941
6 0.645798 0.246302 0.087479 0.081361
30 0.740995 0.730030 0.133791 0.051775
25 0.765009 0.789201 0.144082 0.066568
18 0.783877 0.851331 0.140652 0.060651
13 0.800172 0.924556 0.142367 0.079882
