8 0.057475 0.631579 0.054302 0.736842
9 0.113893 0.631579 0.054302 0.736842
16 0.169252 0.625731 0.056417 0.748538
17 0.225317 0.622807 0.052891 0.742690
24 0.282087 0.649123 0.055007 0.701754
26 0.336742 0.619883 0.051481 0.760234
26 0.392102 0.625731 0.053597 0.748538
29 0.448519 0.625731 0.056417 0.748538
30 0.504584 0.643275 0.055712 0.713450
35 0.560649 0.637427 0.059238 0.725146
36 0.847673 0.628655 0.052186 0.532164
36 0.893159 0.593567 0.047250 0.508772
36 0.943583 0.646199 0.062059 0.380117
