1 0.083333 0.717890 0.067029 0.564220
4 0.154438 0.717890 0.075181 0.564220
4 0.227355 0.717890 0.074275 0.564220
7 0.298007 0.724771 0.067029 0.550459
9 0.369112 0.717890 0.075181 0.564220
15 0.441576 0.717890 0.069746 0.564220
17 0.514040 0.713303 0.069746 0.573394
18 0.586957 0.704128 0.070652 0.591743
19 0.659873 0.706422 0.075181 0.587156
19 0.729167 0.713303 0.070652 0.573394
21 0.798913 0.529817 0.074275 0.600917
22 0.874547 0.706422 0.075181 0.587156
28 0.944746 0.713303 0.067029 0.573394
