34 0.045455 0.381696 0.056150 0.075893
2 0.043449 0.483259 0.057487 0.127232
6 0.107620 0.378348 0.057487 0.091518
21 0.105615 0.483259 0.056150 0.118304
13 0.167112 0.378348 0.056150 0.082589
35 0.166444 0.483259 0.057487 0.122768
36 0.225936 0.386161 0.058824 0.089286
32 0.224599 0.486607 0.058824 0.125000
1 0.283422 0.381696 0.056150 0.084821
19 0.287433 0.485491 0.061497 0.122768
18 0.339572 0.297991 0.056150 0.087054
4 0.344251 0.383929 0.057487 0.089286
32 0.344920 0.488839 0.061497 0.120536
16 0.431150 0.553571 0.086898 0.071429
32 0.439171 0.622768 0.089572 0.075893
31 0.441176 0.694196 0.088235 0.071429
17 0.446524 0.766741 0.088235 0.082589
4 0.451203 0.842634 0.089572 0.073661
21 0.455214 0.938616 0.086898 0.100446
34 0.515374 0.551339 0.078877 0.062500
11 0.521390 0.627232 0.088235 0.071429
33 0.526070 0.691964 0.089572 0.066964
36 0.532086 0.764509 0.088235 0.069196
27 0.538770 0.845982 0.090909 0.080357
22 0.543449 0.939732 0.089572 0.102679
17 0.595588 0.116071 0.060160 0.107143
7 0.840909 0.077009 0.069519 0.055804
6 0.850267 0.128348 0.074866 0.051339
5 0.869652 0.208705 0.060160 0.118304
