34 0.039735 0.463351 0.068874 0.091623
30 0.107947 0.465314 0.072848 0.087696
28 0.323841 0.248037 0.083444 0.048429
27 0.328477 0.288613 0.092715 0.045812
9 0.331126 0.336387 0.092715 0.047120
22 0.337086 0.397251 0.091391 0.071990
33 0.593377 0.710079 0.090066 0.095550
19 0.051656 0.916230 0.100662 0.167539
19 0.155629 0.918848 0.104636 0.162304
21 0.258278 0.918848 0.105960 0.162304
22 0.365563 0.917539 0.108609 0.164921
23 0.470861 0.916885 0.104636 0.166230
25 0.574172 0.916230 0.101987 0.167539
