31 0.131308 0.165766 0.066941 0.061261
32 0.125129 0.218018 0.066941 0.054054
12 0.117920 0.277477 0.058702 0.057658
13 0.112770 0.347748 0.064882 0.086486
28 0.193615 0.170270 0.053553 0.077477
23 0.188980 0.233333 0.062822 0.055856
35 0.185891 0.291892 0.066941 0.064865
19 0.179712 0.346847 0.066941 0.059459
26 0.175077 0.416216 0.067971 0.072072
22 0.168383 0.493694 0.064882 0.097297
1 0.257467 0.164865 0.059732 0.059459
34 0.253347 0.218919 0.065911 0.063063
36 0.252317 0.281081 0.063852 0.057658
1 0.246653 0.340541 0.066941 0.064865
12 0.244078 0.400901 0.067971 0.063063
22 0.239444 0.477477 0.069001 0.093694
9 0.307415 0.560360 0.054583 0.093694
23 0.363543 0.561261 0.053553 0.099099
34 0.417096 0.563063 0.053553 0.091892
30 0.469104 0.562162 0.054583 0.097297
21 0.523172 0.563964 0.053553 0.100901
27 0.577240 0.563964 0.050463 0.100901
1 0.306385 0.654955 0.054583 0.099099
1 0.362513 0.660360 0.055613 0.095495
25 0.417096 0.654955 0.053553 0.095495
32 0.469104 0.672973 0.054583 0.120721
32 0.525232 0.672973 0.057673 0.131532
30 0.578270 0.672072 0.058702 0.122523
19 0.299176 0.766667 0.054583 0.124324
18 0.358393 0.768468 0.059732 0.124324
9 0.411432 0.771171 0.056643 0.129730
24 0.631308 0.166667 0.063852 0.059459
29 0.694130 0.166667 0.065911 0.052252
21 0.634398 0.222523 0.065911 0.052252
9 0.697219 0.218919 0.063852 0.052252
28 0.635427 0.275676 0.067971 0.064865
27 0.702884 0.277477 0.066941 0.064865
27 0.640577 0.340541 0.072091 0.064865
31 0.706488 0.336937 0.067971 0.061261
31 0.771370 0.325225 0.063852 0.059459
9 0.645211 0.400000 0.071061 0.061261
30 0.711637 0.399099 0.070031 0.055856
18 0.781153 0.391892 0.058702 0.077477
22 0.648816 0.477477 0.072091 0.086486
34 0.716787 0.480180 0.065911 0.102703
35 0.786818 0.476577 0.072091 0.095495
33 0.847065 0.909009 0.069001 0.124324
33 0.848610 0.055856 0.063852 0.079279
