29 0.029483 0.646359 0.056558 0.079832
36 0.102286 0.652661 0.084236 0.072829
22 0.170878 0.654062 0.060168 0.095238
31 0.233454 0.654062 0.064982 0.095238
19 0.299639 0.655462 0.064982 0.095238
30 0.030084 0.733894 0.055355 0.103641
14 0.088448 0.733193 0.061372 0.105042
33 0.597473 0.925070 0.080626 0.107843
28 0.344164 0.340336 0.074609 0.044818
27 0.346570 0.380952 0.079422 0.044818
29 0.350181 0.422969 0.077016 0.042017
26 0.354392 0.474790 0.080626 0.056022
9 0.361613 0.523109 0.080626 0.054622
23 0.363418 0.580532 0.077016 0.065826
28 0.442238 0.580532 0.085439 0.077031
30 0.439230 0.518908 0.079422 0.046218
21 0.431408 0.477591 0.087846 0.047619
21 0.431408 0.428571 0.078219 0.044818
33 0.598075 0.252101 0.074609 0.072829
10 0.707581 0.040616 0.072202 0.039216
15 0.725030 0.079132 0.061372 0.043417
15 0.728640 0.126751 0.073406 0.057423
