24 0.110191 0.048571 0.059873 0.074286
28 0.840764 0.269143 0.078981 0.056000
19 0.221019 0.718286 0.113376 0.053714
19 0.204459 0.777143 0.113376 0.064000
19 0.167516 0.842857 0.095541 0.085714
36 0.904459 0.523429 0.071338 0.082286
11 0.338217 0.923429 0.105732 0.153143
12 0.443312 0.921714 0.101911 0.156571
13 0.543312 0.918857 0.105732 0.150857
14 0.643312 0.923429 0.099363 0.153143
14 0.742675 0.923429 0.099363 0.153143
16 0.843949 0.922286 0.105732 0.155429
23 0.943949 0.922286 0.099363 0.155429
