1 0.111617 0.893116 0.056683 0.213768
1 0.167250 0.894022 0.054584 0.211957
6 0.223233 0.893116 0.054584 0.213768
6 0.279566 0.891304 0.056683 0.217391
13 0.333800 0.891304 0.054584 0.217391
16 0.389783 0.892210 0.057383 0.215580
16 0.445416 0.891304 0.056683 0.217391
22 0.500000 0.891304 0.053884 0.217391
24 0.556333 0.893116 0.054584 0.213768
26 0.611966 0.894022 0.055283 0.211957
29 0.667250 0.894022 0.053884 0.211957
31 0.721484 0.892210 0.054584 0.211957
31 0.778516 0.893116 0.055283 0.213768
36 0.927222 0.332428 0.057383 0.070652
30 0.935969 0.403986 0.058083 0.065217
30 0.944367 0.480978 0.058083 0.074275
9 0.952764 0.570652 0.059482 0.112319
