4 0.077705 0.872549 0.056645 0.254902
13 0.134713 0.873529 0.055919 0.252941
14 0.193900 0.872549 0.058097 0.254902
16 0.250908 0.872549 0.057371 0.254902
16 0.307916 0.872549 0.058097 0.254902
21 0.365650 0.871569 0.055919 0.256863
25 0.424110 0.872549 0.059550 0.254902
30 0.480755 0.871569 0.058097 0.256863
30 0.538489 0.871569 0.057371 0.256863
31 0.595497 0.873529 0.058097 0.252941
32 0.653232 0.787255 0.054466 0.249020
35 0.710603 0.874510 0.055919 0.250980
36 0.767611 0.873529 0.059550 0.252941
6 0.949165 0.513725 0.063907 0.121569
16 0.941540 0.413725 0.064633 0.086275
17 0.933551 0.334314 0.060276 0.076471
27 0.924473 0.255882 0.059550 0.080392
