12 0.076152 0.816872 0.088176 0.218107
18 0.165331 0.820988 0.086172 0.226337
18 0.253507 0.627572 0.082164 0.160494
29 0.259519 0.816872 0.090180 0.226337
11 0.343687 0.629630 0.086172 0.139918
1 0.346693 0.816872 0.092184 0.218107
5 0.431864 0.627572 0.086172 0.144033
31 0.432866 0.812757 0.092184 0.234568
11 0.518036 0.629630 0.086172 0.148148
34 0.526052 0.816872 0.094188 0.226337
25 0.653307 0.940329 0.124248 0.119342
23 0.738477 0.144033 0.086172 0.197531
22 0.820641 0.146091 0.082164 0.209877
11 0.900802 0.144033 0.082164 0.197531
