9 0.134921 0.309735 0.111111 0.066372
36 0.135802 0.380531 0.109347 0.070796
6 0.126102 0.452434 0.118166 0.073009
34 0.121693 0.545354 0.112875 0.108407
34 0.228395 0.816372 0.093474 0.146018
36 0.319224 0.814159 0.088183 0.146018
31 0.410053 0.813053 0.082892 0.143805
24 0.501764 0.816372 0.089947 0.141593
2 0.594356 0.819690 0.088183 0.143805
7 0.685185 0.819690 0.089947 0.143805
1 0.264550 0.246681 0.081129 0.117257
19 0.342152 0.247788 0.081129 0.123894
11 0.423280 0.245575 0.077601 0.119469
8 0.503527 0.245575 0.079365 0.119469
5 0.582892 0.245575 0.075838 0.119469
8 0.660494 0.245575 0.075838 0.115044
9 0.781305 0.367257 0.105820 0.075221
17 0.787478 0.445796 0.086420 0.086283
33 0.795414 0.529867 0.112875 0.073009
36 0.803351 0.605088 0.121693 0.073009
36 0.806878 0.702434 0.118166 0.112832
