18 0.087313 0.289195 0.091045 0.069915
19 0.177612 0.291314 0.086567 0.065678
33 0.082090 0.353814 0.092537 0.067797
31 0.175373 0.354873 0.094030 0.061441
34 0.073134 0.422669 0.092537 0.069915
32 0.170149 0.423729 0.098507 0.076271
32 0.166418 0.496822 0.100000 0.065678
27 0.068657 0.493644 0.098507 0.072034
27 0.161194 0.565678 0.098507 0.076271
27 0.062687 0.588983 0.101493 0.110169
22 0.155970 0.659958 0.100000 0.116525
21 0.253731 0.763771 0.080597 0.112288
11 0.329104 0.758475 0.076119 0.097458
21 0.407463 0.761653 0.080597 0.112288
9 0.486567 0.759534 0.074627 0.108051
34 0.561940 0.763771 0.076119 0.103814
17 0.640299 0.773305 0.083582 0.135593
8 0.250000 0.886653 0.079104 0.141949
28 0.327612 0.883475 0.076119 0.148305
13 0.406716 0.885593 0.082090 0.139831
18 0.488060 0.887712 0.074627 0.139831
22 0.564925 0.883475 0.076119 0.139831
33 0.746269 0.662076 0.101493 0.108051
31 0.743284 0.575212 0.098507 0.069915
18 0.735075 0.495763 0.091045 0.067797
34 0.729851 0.426907 0.098507 0.065678
30 0.725373 0.360169 0.095522 0.059322
36 0.719403 0.295551 0.092537 0.065678
1 0.845522 0.662076 0.102985 0.108051
14 0.838060 0.574153 0.097015 0.076271
32 0.834328 0.498941 0.098507 0.069915
3 0.825373 0.427966 0.092537 0.076271
28 0.818657 0.359110 0.091045 0.065678
16 0.288060 0.228814 0.071642 0.110169
16 0.288806 0.128178 0.058209 0.082627
17 0.354478 0.133475 0.061194 0.080508
3 0.356716 0.228814 0.062687 0.114407
2 0.423134 0.228814 0.067164 0.105932
33 0.422388 0.133475 0.062687 0.080508
1 0.485821 0.133475 0.064179 0.080508
21 0.491045 0.228814 0.065672 0.105932
30 0.551493 0.134534 0.067164 0.078390
36 0.556716 0.230932 0.071642 0.118644
32 0.623881 0.229873 0.065672 0.112288
12 0.617910 0.134534 0.068657 0.082627
18 0.614925 0.050847 0.065672 0.080508
