26 0.147986 0.292325 0.103327 0.069977
36 0.140981 0.361174 0.110333 0.067720
36 0.132224 0.449210 0.113835 0.108352
23 0.269702 0.227991 0.077058 0.130926
11 0.348511 0.225734 0.077058 0.121896
1 0.427320 0.229120 0.077058 0.124153
21 0.507881 0.223476 0.080560 0.121896
29 0.585814 0.224605 0.075306 0.128668
12 0.664623 0.222348 0.082312 0.124153
16 0.230298 0.803612 0.092820 0.148984
34 0.321366 0.806998 0.089317 0.146727
34 0.415061 0.811512 0.084063 0.151242
19 0.502627 0.808126 0.087566 0.158014
32 0.594571 0.812641 0.089317 0.148984
35 0.787215 0.364560 0.113835 0.074492
32 0.791594 0.439052 0.115587 0.069977
36 0.797723 0.512415 0.113835 0.076749
29 0.802977 0.592551 0.117338 0.079007
1 0.807356 0.688488 0.119089 0.117381
