6 0.090129 0.626866 0.065236 0.646766
7 0.157511 0.636816 0.067811 0.656716
13 0.227897 0.641791 0.069528 0.636816
16 0.293562 0.626866 0.070386 0.636816
19 0.364378 0.639303 0.067811 0.641791
19 0.429614 0.629353 0.067811 0.641791
19 0.497854 0.629353 0.068670 0.641791
22 0.566953 0.634328 0.069528 0.681592
22 0.634764 0.641791 0.069528 0.666667
25 0.701717 0.435323 0.067811 0.641791
31 0.769528 0.641791 0.067811 0.636816
34 0.840343 0.626866 0.070386 0.616915
36 0.906009 0.649254 0.066094 0.631841
