29 0.055616 0.181648 0.063715 0.056180
2 0.053456 0.240637 0.068035 0.073034
36 0.049676 0.318352 0.066955 0.086142
31 0.279698 0.126404 0.047516 0.110487
36 0.329374 0.126404 0.047516 0.106742
2 0.376890 0.126404 0.043197 0.099251
13 0.109071 0.613296 0.051836 0.117978
29 0.163607 0.600187 0.050756 0.117978
11 0.219222 0.607678 0.056156 0.132959
32 0.457343 0.366105 0.068035 0.069288
33 0.460043 0.426030 0.073434 0.076779
34 0.464903 0.507491 0.074514 0.086142
36 0.891469 0.672285 0.083153 0.074906
30 0.904968 0.750936 0.092873 0.071161
30 0.918467 0.823970 0.096112 0.074906
9 0.928726 0.922285 0.090713 0.114232
