6 0.098684 0.704036 0.071053 0.591928
7 0.169298 0.704036 0.070175 0.591928
12 0.238158 0.708520 0.071053 0.582960
12 0.305702 0.704036 0.064035 0.591928
13 0.374123 0.704036 0.071053 0.591928
15 0.445175 0.708520 0.069298 0.582960
19 0.515351 0.701794 0.067544 0.596413
19 0.586404 0.699552 0.067544 0.600897
19 0.652632 0.701794 0.066667 0.596413
22 0.722807 0.508969 0.070175 0.569507
22 0.792982 0.704036 0.068421 0.591928
23 0.862281 0.701794 0.068421 0.596413
25 0.932018 0.708520 0.067544 0.582960
