21 0.052693 0.102060 0.051522 0.129213
33 0.543326 0.165730 0.053864 0.102996
9 0.809719 0.394195 0.048009 0.106742
26 0.863583 0.394195 0.055035 0.106742
30 0.914520 0.396067 0.051522 0.117978
28 0.966628 0.393258 0.048009 0.097378
30 0.724824 0.443820 0.067916 0.052434
19 0.721311 0.503745 0.074941 0.067416
35 0.714286 0.568352 0.072600 0.061798
32 0.713700 0.631086 0.080796 0.063670
16 0.706674 0.706929 0.073770 0.091760
29 0.785129 0.875468 0.062061 0.121723
1 0.847775 0.884831 0.060890 0.125468
19 0.908080 0.875468 0.059719 0.121723
12 0.970141 0.875468 0.059719 0.125468
