16 0.270729 0.104816 0.074121 0.070822
26 0.349874 0.092776 0.071608 0.043909
11 0.342965 0.135269 0.077889 0.052408
36 0.339824 0.180595 0.081658 0.043909
13 0.334171 0.227337 0.075377 0.046742
36 0.331030 0.277620 0.079146 0.050992
22 0.329774 0.338527 0.089196 0.076487
1 0.408291 0.407932 0.067839 0.073654
32 0.474874 0.417139 0.062814 0.094901
9 0.541457 0.419972 0.070352 0.094901
24 0.606784 0.417139 0.067839 0.089235
11 0.667085 0.414306 0.065327 0.089235
31 0.735553 0.415722 0.066583 0.092068
31 0.407035 0.490085 0.070352 0.096317
14 0.052764 0.905807 0.097990 0.188385
15 0.150754 0.905807 0.097990 0.188385
18 0.253141 0.908640 0.099246 0.182720
19 0.351759 0.909348 0.105528 0.181303
22 0.450377 0.909348 0.099246 0.181303
23 0.551508 0.909348 0.100503 0.181303
24 0.650126 0.907932 0.096734 0.184136
27 0.751884 0.910765 0.094221 0.178470
28 0.850503 0.852691 0.100503 0.184136
29 0.949749 0.907932 0.097990 0.184136
31 0.496859 0.052408 0.054020 0.073654
32 0.553392 0.051700 0.059045 0.077904
29 0.608040 0.049575 0.057789 0.073654
22 0.667085 0.053116 0.052764 0.080737
21 0.722362 0.049575 0.057789 0.082153
