23 0.075953 0.074408 0.027566 0.074408
33 0.321701 0.109357 0.028739 0.054115
32 0.411437 0.278467 0.036950 0.036077
34 0.409677 0.312289 0.038123 0.038331
36 0.407918 0.358512 0.038123 0.056370
13 0.532258 0.245209 0.028739 0.064262
11 0.558944 0.242954 0.024633 0.059752
29 0.587097 0.245209 0.024633 0.059752
1 0.441349 0.536640 0.027566 0.074408
27 0.471261 0.536077 0.028739 0.075536
34 0.502053 0.537204 0.030499 0.073281
35 0.531965 0.537204 0.029326 0.075536
33 0.220821 0.690530 0.047507 0.066516
11 0.180938 0.928410 0.047507 0.143179
12 0.227859 0.926719 0.046334 0.146561
10 0.273607 0.925592 0.045161 0.148816
16 0.321114 0.927847 0.047507 0.144307
16 0.367742 0.927283 0.044575 0.145434
21 0.413490 0.927847 0.046921 0.144307
22 0.460411 0.928974 0.046921 0.142052
23 0.507625 0.928974 0.047507 0.142052
29 0.553959 0.926719 0.045161 0.146561
29 0.600293 0.927847 0.045161 0.144307
19 0.661290 0.926719 0.045161 0.146561
36 0.838710 0.924464 0.042229 0.092446
36 0.880938 0.933484 0.051613 0.076663
36 0.921994 0.925028 0.041056 0.091319
