27 0.048535 0.072717 0.028694 0.082300
27 0.581197 0.246336 0.026862 0.066516
11 0.160256 0.927847 0.050672 0.144307
12 0.208791 0.927283 0.047619 0.145434
13 0.257937 0.927283 0.048230 0.145434
14 0.305250 0.927283 0.046398 0.145434
15 0.352869 0.925592 0.048840 0.148816
16 0.402320 0.927283 0.048840 0.145434
16 0.449634 0.927283 0.048230 0.145434
21 0.499695 0.927283 0.049451 0.145434
21 0.548230 0.928974 0.047619 0.142052
32 0.595849 0.927847 0.047619 0.144307
32 0.644994 0.927283 0.049451 0.145434
33 0.692918 0.928410 0.047619 0.143179
34 0.740537 0.928974 0.045177 0.142052
