23 0.070763 0.075083 0.027373 0.076752
33 0.313337 0.110122 0.024461 0.055617
33 0.338381 0.108454 0.026791 0.054505
21 0.404193 0.276974 0.034945 0.033370
1 0.401573 0.320356 0.033197 0.051168
13 0.551543 0.245829 0.025626 0.064516
12 0.578043 0.245273 0.027373 0.056730
1 0.433314 0.532814 0.026791 0.073415
1 0.463891 0.533927 0.028538 0.075640
33 0.214327 0.685206 0.045428 0.064516
11 0.175306 0.917686 0.044263 0.140156
11 0.221316 0.918242 0.045428 0.136819
13 0.267909 0.916574 0.046593 0.140156
14 0.313628 0.918242 0.047175 0.143493
10 0.359639 0.918799 0.047175 0.140156
15 0.405941 0.919911 0.046593 0.137931
15 0.452825 0.918799 0.046010 0.137931
21 0.499418 0.919355 0.046010 0.139043
25 0.544846 0.918799 0.043681 0.137931
26 0.590274 0.919911 0.046010 0.140156
28 0.637740 0.871524 0.045428 0.139043
29 0.683168 0.918242 0.045428 0.136819
34 0.729470 0.917686 0.044846 0.137931
