14 0.067682 0.077778 0.025945 0.077778
27 0.355330 0.280000 0.034969 0.033333
16 0.354766 0.322222 0.024817 0.046667
32 0.349972 0.370556 0.036661 0.054444
29 0.391991 0.281111 0.034969 0.031111
28 0.388325 0.312778 0.035533 0.030000
26 0.388325 0.348889 0.035533 0.037778
32 0.386351 0.387778 0.037225 0.037778
31 0.383249 0.426667 0.037789 0.042222
11 0.381839 0.473333 0.037225 0.055556
1 0.431754 0.248889 0.025381 0.060000
13 0.457135 0.250000 0.025381 0.057778
10 0.482516 0.250000 0.025381 0.060000
18 0.507050 0.248889 0.025945 0.060000
22 0.533841 0.248333 0.026509 0.061111
27 0.532149 0.198889 0.021997 0.042222
22 0.556402 0.197778 0.024253 0.040000
25 0.559504 0.248889 0.025945 0.060000
32 0.419064 0.527778 0.027073 0.057778
21 0.448111 0.529444 0.026509 0.056667
1 0.477721 0.530556 0.027073 0.065556
35 0.507896 0.536667 0.028765 0.073333
31 0.535533 0.537222 0.027637 0.070000
13 0.565708 0.537778 0.029329 0.071111
11 0.417654 0.593889 0.028765 0.076667
27 0.447265 0.596111 0.029329 0.076667
16 0.481669 0.596667 0.037225 0.062222
15 0.169769 0.921111 0.045121 0.144444
15 0.213480 0.919444 0.045685 0.145556
16 0.259447 0.922778 0.043993 0.141111
17 0.303158 0.921667 0.043429 0.138889
23 0.347998 0.921111 0.043993 0.142222
23 0.392555 0.920000 0.043993 0.140000
24 0.436830 0.921667 0.044557 0.138889
24 0.482516 0.921667 0.044557 0.143333
20 0.526509 0.923333 0.042301 0.140000
25 0.571348 0.922222 0.045121 0.137778
27 0.616187 0.920000 0.045685 0.140000
28 0.660462 0.878333 0.041737 0.138889
29 0.705302 0.922778 0.043429 0.141111
33 0.714608 0.747222 0.038353 0.085556
